0.000000000000000000e+00 0.000000000000000000e+00 0.000000000000000000e+00 0.000000000000000000e+00 0.000000000000000000e+00 8.107493660399164859e-02 3.818608065415512787e+00 4.508144475759091385e+00 1.875400421708240017e+01 3.004497025080478423e+01 3.562758954287306068e+01 1.275954409172243942e+02 2.504162968083091911e+01 3.156968681498690898e+01 3.095680518514157598e+01 1.973360852844890800e+01 1.801469609229760849e+01 7.869284096407299955e+01
0.000000000000000000e+00 0.000000000000000000e+00 0.000000000000000000e+00 0.000000000000000000e+00 0.000000000000000000e+00 8.107493660399164859e-02 3.818608065415512787e+00 4.508144475759091385e+00 1.875400421708240017e+01 3.004497025080478423e+01 3.562758954287306068e+01 1.275954409172243942e+02 2.504162968083091911e+01 3.156968681498690898e+01 3.095680518514157598e+01 1.973360852844890800e+01 1.801469609229760849e+01 7.869284096407299955e+01
0.000000000000000000e+00 0.000000000000000000e+00 0.000000000000000000e+00 0.000000000000000000e+00 0.000000000000000000e+00 8.107493660399164859e-02 3.818608065415512787e+00 4.508144475759091385e+00 1.875400421708240017e+01 3.004497025080478423e+01 3.562758954287306068e+01 1.275954409172243942e+02 2.504162968083091911e+01 3.156968681498690898e+01 3.095680518514157598e+01 1.973360852844890800e+01 1.912658059054114545e+01 1.605234704485558339e+01
0.000000000000000000e+00 0.000000000000000000e+00 0.000000000000000000e+00 0.000000000000000000e+00 0.000000000000000000e+00 8.107493660399164859e-02 3.818608065415512787e+00 4.508144475759091385e+00 1.875400421708240017e+01 3.004497025080478423e+01 3.562758954287306068e+01 1.275954409172243942e+02 2.504162968083091911e+01 3.156968681498690898e+01 3.073800182738230546e+01 2.278353570525357341e+01 3.276070365686558006e+01 1.586324372864167209e+01
0.000000000000000000e+00 0.000000000000000000e+00 0.000000000000000000e+00 0.000000000000000000e+00 0.000000000000000000e+00 8.107493660399164859e-02 3.818608065415512787e+00 4.508144475759091385e+00 1.869214555473885397e+01 3.092995019024899861e+01 4.391309902210743843e+01 1.240805500532236891e+02 2.619379350362376258e+01 3.365621933289565249e+01 2.595683891311708180e+01 1.920450426829374280e+01 1.780599405161551019e+01 1.562544151701229289e+01
2.591299236876182330e-04 2.591299236876182330e-04 2.591299236876182330e-04 2.591299236876182330e-04 2.591299236876182330e-04 8.062066662757737256e-02 3.818608065415512787e+00 4.414901369123570340e+00 1.751152201994624491e+01 3.467083414847377298e+01 3.861144309041781497e+01 3.165914782039854458e+01 3.263427747754948172e+01 2.734820710297190161e+01 3.427328036943259804e+01 1.983307027883293117e+01 2.061398826527491224e+01 1.640042866523601717e+01
1.284392271003306663e+00 1.284392271003306663e+00 1.284392271003306663e+00 1.284392271003306663e+00 1.284392271003306663e+00 1.304308978470885672e+00 6.665624638111080635e-01 6.257572490668827037e+00 1.766633480289076275e+01 2.550128207471465203e+01 2.660507689740500936e+01 2.936200781958227779e+01 2.975335366728900865e+01 3.444971229035682114e+01 3.435105468906450454e+01 2.768503853395723624e+01 1.431503837802861234e+01 1.435254450271210835e+01
2.820729528244332318e+00 2.820729528244332318e+00 2.820729528244332318e+00 2.820729528244332318e+00 2.820729528244332318e+00 2.909424282927136840e+00 2.997748315305891698e+00 5.005020986645664749e+00 3.130707504458673540e+01 4.197973636088834581e+01 3.658510583941818339e+01 3.632947312028539955e+01 3.516432100313485165e+01 3.459564718085427870e+01 3.259049997930276987e+01 2.578405868641756982e+01 1.975525029445854841e+01 2.004971785986692723e+01
3.199513991495993803e+00 3.199513991495993803e+00 3.199513991495993803e+00 3.199513991495993803e+00 3.199513991495993803e+00 3.258315503160575943e+00 3.706445254379092891e+00 7.476929087645626026e+00 1.793061420159055785e+01 5.983193708349767093e+01 5.180104981126123675e+01 5.185909203685381641e+01 3.877608787683420388e+01 3.194475980279889882e+01 3.197379858804296759e+01 3.463239884676031011e+01 3.918693917128575066e+01 1.896297908451768066e+01
5.217284067321510399e+00 5.217284067321510399e+00 5.217284067321510399e+00 5.217284067321510399e+00 5.217284067321510399e+00 5.280390524551743958e+00 2.257942585261080382e+00 1.063593584190877372e+01 2.410738852325495429e+01 6.261345875446767195e+01 5.396336827770853262e+01 6.095068481508348412e+01 5.082614771596596626e+01 4.244658688833923321e+01 3.706529973044472825e+01 2.676775324327039129e+01 2.201951555121121373e+01 1.911904934548952184e+01
7.301227137418401902e+00 7.301227137418401902e+00 7.301227137418401902e+00 7.301227137418401902e+00 7.301227137418401902e+00 6.623842679585315807e+00 7.133018288365466475e+00 4.477800604102792015e+00 3.208072272251065016e+01 6.445708979063790878e+01 5.663210767346860308e+01 5.850209702870845518e+01 4.969431304922594705e+01 3.942666466809148318e+01 3.549858734995493847e+01 2.945211468777539210e+01 2.190729762463653074e+01 1.993998027741675116e+01
1.246637298922499859e+01 1.246637298922499859e+01 1.246637298922499859e+01 1.246637298922499859e+01 1.246637298922499859e+01 1.100708824939150254e+01 1.119682211900947344e+01 3.811719908213621721e+00 2.506021164000503987e+01 7.166914427667239806e+01 8.867342294287344373e+01 5.465807872238664089e+01 5.603220901932937892e+01 4.351331168308391995e+01 3.873460920160685106e+01 3.112327918487490663e+01 3.048693486316523149e+01 1.929118566445024285e+01
2.491630406835218192e+00 2.491630406835218192e+00 2.491630406835218192e+00 2.491630406835218192e+00 2.491630406835218192e+00 2.581853314039315617e+00 2.789864802991289583e+00 4.756645805953081840e+00 3.576743392791999554e+01 9.047859709064648825e+01 1.200914228419491536e+02 9.477362709861482415e+01 5.859748841851838819e+01 4.539227684353665637e+01 4.167646036489347949e+01 2.699014531206987044e+01 2.715823574449692046e+01 2.058780644461175413e+01
1.146962344740541617e+01 9.291821704148480521e+00 6.981780260574893759e+00 9.120956549096819188e+00 1.255922417665279056e+01 8.096370515695785031e+00 6.441857768828573860e+00 8.975481111408766921e+00 1.620390231413272275e+01 7.234665852411234255e+01 8.680579566465321761e+01 7.459123877031801442e+01 1.020143028538408316e+02 5.204371763586209454e+01 3.602742256694767775e+01 3.500214104096403389e+01 2.491873815233788392e+01 2.189226451787634531e+01
1.441889688059183072e+01 3.785273942225398258e+00 6.216242455269994416e+00 3.525975098442096112e+00 8.480024932364917944e+00 2.748517899174658385e+00 1.301940830830759666e+01 1.963231291121917366e+01 1.726889757704615036e+01 3.110948312819384398e+01 2.970942761810688282e+01 2.857890501443548104e+01 5.145602682777767001e+01 7.041197635321171333e+01 4.298466132379736138e+01 4.077880172420372418e+01 2.877017471649881486e+01 2.241957612050859794e+01
5.103772884121348774e+00 8.603433586906604091e+00 6.205115698412870806e+00 5.776287432128849098e+00 6.882268195670866895e+00 3.950425585113702454e+00 2.529220973926465721e+00 4.293227561288599503e+00 2.015592409667467777e+01 2.348424948653398303e+01 2.158024960073354137e+01 2.058889858752705138e+01 2.389034042573987904e+01 2.037259939632956574e+01 2.185211486111906609e+01 1.310576557011475813e+02 4.407112313414186389e+01 3.896377122542556037e+01
5.959234762178748035e+00 6.331779273047833279e+00 8.371749780218154413e+00 6.430052540484880730e+00 3.179048439668786585e+00 7.628515905969581290e+00 3.253573374403171403e+00 3.734856273027590046e+00 1.379890357759441599e+01 2.059710545853578978e+01 2.276615592535574351e+01 2.590172968304080214e+01 2.343891527227543392e+01 2.585801278307852513e+01 2.096185278735934432e+01 1.383087366082839686e+01 6.795150231124171114e+01 4.672347998926375112e+01
3.662239626808188486e+00 5.883605719315248450e+00 6.671591856234450724e+00 2.323561338350249272e+01 3.277146801897584449e+00 6.934006424519666645e+00 3.178144102826683248e+00 6.604250691435755272e+00 1.469488589762175046e+01 2.192141309207882571e+01 2.398834119289712419e+01 2.476768814756513848e+01 2.679409353919951187e+01 2.715913746950076657e+01 2.328060161772582504e+01 4.012169110041468656e+01 4.297783565460380117e+01 8.126948996081297949e+00
